#fastagff2ms -F tfasta -f ms -i ./100Kchr10.tfa -o ./100Kchr10_tfa2ms_02.ms.txt -N 1 42 
#fastaconvtr v0.1beta (20151223) Sebastian E. Ramos-Onsins.
#Data for TOTAL Alignment. format: ms length: 100000 Efflength: 5549.00 Booleanlength: 5549 NumVariants: 113 nwindows: 1 s/v: 2.139 GfreqT: 0.27 GfreqC: 0.23 GfreqG: 0.24 GfreqA: 0.27 GCs: 0.062 CpGs: 0.012 Cs+Gs: 0.463 
// 1	100000	5549.00
segsites: 113
positions: 0.01114000 0.03721000 0.04111000 0.04134000 0.04205000 0.04298000 0.04326000 0.04336000 0.04862000 0.04877000 0.04905000 0.05587000 0.05812000 0.06506000 0.07954000 0.07971000 0.08162000 0.08347000 0.08714000 0.08976000 0.09044000 0.09050000 0.10367000 0.12148000 0.12162000 0.12267000 0.15309000 0.15329000 0.15499000 0.16406000 0.18513000 0.18785000 0.18791000 0.18803000 0.19038000 0.19331000 0.23475000 0.23477000 0.24470000 0.24484000 0.24735000 0.26664000 0.27580000 0.31116000 0.32305000 0.32360000 0.32380000 0.32402000 0.33007000 0.33011000 0.33088000 0.34289000 0.34429000 0.34478000 0.34528000 0.34541000 0.38702000 0.39934000 0.40086000 0.40093000 0.40307000 0.41043000 0.41047000 0.43706000 0.43708000 0.43718000 0.43850000 0.45635000 0.45683000 0.45888000 0.46251000 0.48683000 0.48873000 0.49244000 0.49840000 0.51674000 0.53234000 0.53241000 0.53311000 0.53574000 0.54734000 0.56689000 0.57949000 0.57965000 0.58032000 0.58097000 0.59181000 0.59656000 0.59664000 0.59692000 0.59787000 0.59949000 0.62326000 0.62332000 0.63271000 0.63305000 0.65362000 0.68843000 0.71206000 0.74584000 0.84837000 0.85079000 0.85088000 0.88883000 0.88886000 0.88887000 0.89241000 0.89364000 0.89441000 0.89837000 0.94383000 0.94485000 0.94593000 
00000000000000000000000000000000000000000000000000000000000000000000000000000000000000000000000000000000000000000
00000000000000000000000000000000000001010000000010000000000000001000000000110000000000000000000000000000000000000
01000010010000000100000100010010100001010000000000000000000000001000000001110000000000000000101000000000000000000
01000000010001001100000000011000101001010000000010000000001000001000000000110000000000000010000100010000010000000
00000000000100000000000000000000000000010000000000000000000000000000000000110000000100000000000000000000000010000
00000100000000000000000000000000000000010000000000000000000000000000000000110000000001000000000000000000000000000
00000000000000100000000010000000000000010010000000000000000000000000000000110000000000000000000000000000000000000
00000000000000000000000000000000000001010000000000000000000000001010000000110000001000000000000000000000000000000
01100000010000000100010000000000100000010000000000000000000000000000000000110000000000000000000000000010001001000
00000000000000001000001000011000010101010000000000000000000000001000000000110000000000001000000000010000000100000
01000000010000001100000000000000100001010000000000000000000000101000000000110000000000000000000000010000000000000
01000000010000001100000000000000100001010000000000000000000000101000000000110100000000000000000000010000000000000
01000000010000001100110000011000110101010000000000000000000000001001000000010000000000000000000000000000000000000
01000000010000001100010000011000110101010000000000000000000000001001000000010000000000000000000000000000000000000
01000010010000001100110000011000100001010000000000000000000000001000000001010000000000000000101000000010001001000
01000000010000001100000000011000110101010000000010000000001000001000000000110000000000000010000100010000000001000
01000000010000001100010000011000110101010000000000000000000000001001000000010000000000000000000000000000000000000
01000000010000001100010000011000110101010000000000000000000000001001000000010000000000000000000000000000000000000
01000000010000000100010000011000110101010000000000000000000000001001000000010000000000000000000000000000000000000
01000000010000001100010000011000110101010000000000000000000000001001000000010000000000000000000000000000000000000
11000000100000000100000001100000100001010000001000000000100000101000001000010000000000000001000001010010000000000
00010000000000001001000000011000100001010000001000000000100000101000001000010000000000000001000001010010000000010
00000000000000000000000000000000100001010000001000000000100000101000001000110000000010000000000000110010000000010
00000000000000000000000000000000100001010000001000000000100000101000001000110000000010000000000000110010000000010
00000001000000000000000000000000100001010001001000010010000001101000001000010000000010000000000001110010000000000
00000000000000000000000000000000100001010000100001000100100000101000000000110000000000000001000000010010000000010
00000001000000000000000000000000100001010001001000010010000001101000001000010000000010000000000001110010000000000
00000000000000000000000000000000100001010000100001000100100000001000000000110000000000000001000000010010000000010
11010000100000001100000001111000100001010001100001010110000000001100000100010000000000000001000001010010000000000
11010000100000001100000001111000100001010001100001010110000000001100000100010000000000000001000001010010000000000
11010000100000001100000001111000100001010001100001010110000000001100000100010000000000000001000001011010000000000
11010000100000001100000001111000100001010001100001010110000000001100000100010000000000000001000001010000000000000
11000000100000000100000001100000100001010001001000000010100000101100001100010000000000000001000001011010000000000
10010000000000001000000000001000100001010000100001000000100000001000000000010000000000000001000001011000000000000
00000000000000000000000000000000100001010000001000000000100000101000001000010000000000000001000001010010000000000
00000000000000000000000000000000100001010000001000000000100000101000001000010000000000000001000001010010000000010
01011000000010000100000100010000100001011111110100111110000000001000100000010000100000100000000000010001000000000
01011000000010000100000100010000100001011111110100111111000000001000100000010000100000100000000000010001000000000
01011000001000000110000100010100100001111100001000010100000010001000000000011011010000000100010010010100000000000
01011000001000000110000100010100100001011100001000010100000000001000000000011011010000000100010010010100100000001
01001000000000010100000100010001100011011101110100111110010100011000010000010000010000010100000000010000000000100
01001000000000010100000100010001100011011101110100111110010100011000010010010000010000010100000000010000000000000
