#fastagff2ms -F tfasta -f ms -i ./100Kchr10.tfa -o ./100Kchr10_tfa2ms_03.ms.txt -N 2 40 2 -G 1 
#fastaconvtr v0.1beta (20151223) Sebastian E. Ramos-Onsins.
#Data for TOTAL Alignment. format: ms length: 100000 Efflength: 5547.00 Booleanlength: 5547 NumVariants: 111 nwindows: 1 s/v: 2.083 GfreqT: 0.27 GfreqC: 0.23 GfreqG: 0.24 GfreqA: 0.27 GCs: 0.062 CpGs: 0.012 Cs+Gs: 0.463 
// 1	100000	5547.00
segsites: 111
positions: 0.01114000 0.03721000 0.04111000 0.04134000 0.04205000 0.04298000 0.04326000 0.04336000 0.04862000 0.04877000 0.04905000 0.05587000 0.05812000 0.06506000 0.07954000 0.07971000 0.08162000 0.08347000 0.08714000 0.08976000 0.09044000 0.09050000 0.10367000 0.12148000 0.12162000 0.12267000 0.15309000 0.15329000 0.15499000 0.16406000 0.18513000 0.18785000 0.18791000 0.18803000 0.19038000 0.19331000 0.23475000 0.23477000 0.24470000 0.24484000 0.24735000 0.26664000 0.27580000 0.31116000 0.32305000 0.32360000 0.32380000 0.32402000 0.33007000 0.33011000 0.33088000 0.34289000 0.34429000 0.34478000 0.34528000 0.34541000 0.38702000 0.39934000 0.40086000 0.40093000 0.40307000 0.41043000 0.41047000 0.43706000 0.43708000 0.43718000 0.43850000 0.45635000 0.45683000 0.45888000 0.46251000 0.48683000 0.49244000 0.49840000 0.51674000 0.53234000 0.53241000 0.53311000 0.53574000 0.54734000 0.56689000 0.57949000 0.57965000 0.58032000 0.58097000 0.59181000 0.59656000 0.59664000 0.59692000 0.59787000 0.59949000 0.62326000 0.62332000 0.63271000 0.63305000 0.65362000 0.68843000 0.71206000 0.74584000 0.84837000 0.85079000 0.85088000 0.88883000 0.88886000 0.88887000 0.89241000 0.89364000 0.89441000 0.89837000 0.94485000 0.94593000 
010010000000000101000001000100011000110111011101001111100101000110000100001000001000001010000000001000000000000
010010000000000101000001000100011000100011011101101111100101000100000100010000001000001010000000001000000000000
000010100100000100000000000000110000100011011101001111100101000100000100110000001000001010010100001000000000000
000010000100010110000001000010010010100011011101101111100111000100000100010000001000001011000010000000001000000
010010000001000101000001000100011000110011011101001111100101000110000100010000001010001010000000001000000001000
010011000000000101000001000100011000110011011101001111100101000110000100010000001000101010000000001000000000000
010010000000001101000001100100011000110011111101001111100101000110000100010000001000001010000000001000000000000
010010000000000101000001000100011000100011011101001111100101000100100100010000001100001010000000001000000000000
001010000100000100000101000100010000110011011101001111100101000110000100010000001000001010000000001001000100100
010010000000000111000011000010011101100011011101001111100101000100000100010000001000001110000000000000000010000
000010000100000110000001000100010000100011011101001111100101001100000100010000001000001010000000000000000000000
000010000100000110000001000100010000100011011101001111100101001100000100010010001000001010000000000000000000000
000010000100000110001101000010010101100011011101001111100101000100010100000000001000001010000000001000000000000
000010000100000110000101000010010101100011011101001111100101000100010100000000001000001010000000001000000000000
000010100100000110001101000010010000100011011101001111100101000100000100100000001000001010010100001001000100100
000010000100000110000001000010010101100011011101101111100111000100000100010000001000001011000010000000000000100
000010000100000110000101000010010101100011011101001111100101000100010100000000001000001010000000001000000000000
000010000100000110000101000010010101100011011101001111100101000100010100000000001000001010000000001000000000000
000010000100000100000101000010010101100011011101001111100101000100010100000000001000001010000000001000000000000
000010000100000110000101000010010101100011011101001111100101000100010100000000001000001010000000001000000000000
100010001000000100000001011100010000100011011111001111101101001100000110000000001000001010100000100001000000000
010110000000000111010001000010010000100011011111001111101101001100000110000000001000001010100000100001000000010
010010000000000101000001000100010000100011011111001111101101001100000110010000001001001010000000010001000000010
010010000000000101000001000100010000100011011111001111101101001100000110010000001001001010000000010001000000010
010010010000000101000001000100010000100011001111001011000101011100000110000000001001001010000000110001000000000
010010000000000101000001000100010000100011010101011110101101001100000100010000001000001010100000000001000000010
010010010000000101000001000100010000100011001111001011000101011100000110000000001001001010000000110001000000000
010010000000000101000001000100010000100011010101011110101101000100000100010000001000001010100000000001000000010
100110001000000110000001011010010000100011000101011010000101000101000101000000001000001010100000100001000000000
100110001000000110000001011010010000100011000101011010000101000101000101000000001000001010100000100001000000000
100110001000000110000001011010010000100011000101011010000101000101000101000000001000001010100000100101000000000
100110001000000110000001011010010000100011000101011010000101000101000101000000001000001010100000100000000000000
100010001000000100000001011100010000100011001111001111001101001101000111000000001000001010100000100101000000000
110110000000000111000001000110010000100011010101011111101101000100000100000000001000001010100000100100000000000
010010000000000101000001000100010000100011011111001111101101001100000110000000001000001010100000100001000000000
010010000000000101000001000100010000100011011111001111101101001100000110000000001000001010100000100001000000010
000100000000100100000000000000010000100000100000000000000101000100001100000000011000011010000000000000100000000
000100000000100100000000000000010000100000100000000000010101000100001100000000011000011010000000000000100000000
000100000010000100100000000001010000101000011111001010100101100100000100000101100000001000001001000010000000000
000100000010000100100000000001010000100000011111001010100101000100000100000101100000001000001001000010010000001
000000000000000000000000000000000000000000000000000000000000000000000000000000000000000000000000000000000000000
000000000000000000000000000000000000000000000000000000000000000000000000000000000000000000000000000000000000000
