#fastagff2ms -F tfasta -f ms -i ./100Kchr10.tfa -o ./100Kchr10_tfa2ms_06.ms.txt -W ./coord_100Kb.txt 
#fastaconvtr v0.1beta (20151223) Sebastian E. Ramos-Onsins.
#Data for TOTAL Alignment. format: ms length: 100000 Efflength: 5549.00 Booleanlength: 5549 NumVariants: 113 nwindows: 5 s/v: 2.139 GfreqT: 0.27 GfreqC: 0.23 GfreqG: 0.24 GfreqA: 0.27 GCs: 0.062 CpGs: 0.012 Cs+Gs: 0.463 
// 1	10000	913.00
segsites: 22
positions: 0.01114000 0.03721000 0.04111000 0.04134000 0.04205000 0.04298000 0.04326000 0.04336000 0.04862000 0.04877000 0.04905000 0.05587000 0.05812000 0.06506000 0.07954000 0.07971000 0.08162000 0.08347000 0.08714000 0.08976000 0.09044000 0.09050000 
0000000000000000000000
0000000000000000000000
0100001001000000010000
0100000001000100110000
0000000000010000000000
0000010000000000000000
0000000000000010000000
0000000000000000000000
0110000001000000010001
0000000000000000100000
0100000001000000110000
0100000001000000110000
0100000001000000110011
0100000001000000110001
0100001001000000110011
0100000001000000110000
0100000001000000110001
0100000001000000110001
0100000001000000010001
0100000001000000110001
1100000010000000010000
0001000000000000100100
0000000000000000000000
0000000000000000000000
0000000100000000000000
0000000000000000000000
0000000100000000000000
0000000000000000000000
1101000010000000110000
1101000010000000110000
1101000010000000110000
1101000010000000110000
1100000010000000010000
1001000000000000100000
0000000000000000000000
0000000000000000000000
0101100000001000010000
0101100000001000010000
0101100000100000011000
0101100000100000011000
0100100000000001010000
0100100000000001010000

// 20001	30000	672.00
segsites: 7
positions: 0.23475000 0.23477000 0.24470000 0.24484000 0.24735000 0.26664000 0.27580000 
0000000
0101000
0101000
0101000
0001000
0001000
0001001
0101000
0001000
0101000
0101000
0101000
0101000
0101000
0101000
0101000
0101000
0101000
0101000
0101000
0101000
0101000
0101000
0101000
0101000
0101000
0101000
0101000
0101000
0101000
0101000
0101000
0101000
0101000
0101000
0101000
0101111
0101111
0111110
0101110
1101110
1101110

// 40001	50000	849.00
segsites: 17
positions: 0.40086000 0.40093000 0.40307000 0.41043000 0.41047000 0.43706000 0.43708000 0.43718000 0.43850000 0.45635000 0.45683000 0.45888000 0.46251000 0.48683000 0.48873000 0.49244000 0.49840000 
00000000000000000
00000010000000001
00000010000000011
10000010000000001
00000000000000001
00000000000000001
00000000000000001
00000010100000001
00000000000000001
00000010000000001
00001010000000001
00001010000000001
00000010010000000
00000010010000000
00000010000000010
10000010000000001
00000010010000000
00000010010000000
00000010010000000
00000010010000000
00001010000010000
00001010000010000
00001010000010001
00001010000010001
00011010000010000
00001010000000001
00011010000010000
00000010000000001
00000011000001000
00000011000001000
00000011000001000
00000011000001000
00001011000011000
00000010000000000
00001010000010000
00001010000010000
00000010001000000
00000010001000000
00100010000000000
00000010000000000
01000110000100000
01000110000100100

// 60001	70000	431.00
segsites: 6
positions: 0.62326000 0.62332000 0.63271000 0.63305000 0.65362000 0.68843000 
000000
000000
101000
000100
000000
000000
000000
000000
000000
000000
000000
000000
000000
000000
101000
000100
000000
000000
000000
000000
000001
000001
000000
000000
000001
000000
000001
000000
000001
000001
000001
000001
000001
000001
000001
000001
000000
000000
010010
010010
000000
000000

// 80001	90000	425.00
segsites: 10
positions: 0.84837000 0.85079000 0.85088000 0.88883000 0.88886000 0.88887000 0.89241000 0.89364000 0.89441000 0.89837000 
0000000000
0000000000
0000000000
0000010000
0000000010
0000000000
0000000000
0000000000
0010001001
0000000100
0000000000
0000000000
0000000000
0000000000
0010001001
0000000001
0000000000
0000000000
0000000000
0000000000
0010000000
0010000000
0010000000
0010000000
0010000000
0010000000
0010000000
0010000000
0010000000
0010000000
1010000000
0000000000
1010000000
1000000000
0010000000
0010000000
0001000000
0001000000
0100000000
0100100000
0000000000
0000000000
